0 0.476868328125 0.388986013671875 0.480427046875 0.372377623046875 0.45314353515625 0.3671328671875 0.4436536171875 0.37062937109375 0.4365361796875 0.380244755859375 0.43534994140625 0.38723776171875 0.4400948984375 0.393356642578125 0.45314353515625 0.396853146484375 0.476868328125 0.388986013671875
0 0.5563463828125 0.400349650390625 0.569395017578125 0.39423076953125 0.56465005859375 0.37937062890625 0.558718861328125 0.375 0.549228943359375 0.375 0.53262158984375 0.3819930078125 0.53262158984375 0.396853146484375 0.538552787109375 0.401223775390625 0.545670224609375 0.395979021484375 0.5563463828125 0.400349650390625
0 0.63701067578125 0.4300699296875 0.63938315625 0.420454544921875 0.627520759765625 0.407342658203125 0.607354685546875 0.407342658203125 0.60142348828125 0.41083916015625 0.600237248046875 0.42569930078125 0.60498220703125 0.4291958046875 0.61921708203125 0.435314685546875 0.63701067578125 0.4300699296875
0 0.67497034375 0.466783216796875 0.65361803125 0.455419580078125 0.63701067578125 0.463286712890625 0.642941875 0.481643357421875 0.661921708984375 0.48776223828125 0.67497034375 0.473776224609375 0.67497034375 0.466783216796875
0 0.669039146484375 0.517482517578125 0.658362990234375 0.516608392578125 0.641755634765625 0.521853146484375 0.641755634765625 0.540209791015625 0.65717675 0.548951048828125 0.679715302734375 0.537587412109375 0.669039146484375 0.517482517578125
0 0.64056939453125 0.576048951171875 0.620403322265625 0.568181818359375 0.610913404296875 0.571678322265625 0.6026097265625 0.583916083984375 0.6061684453125 0.599650349609375 0.63701067578125 0.59702797265625 0.64056939453125 0.576048951171875
0 0.5599051015625 0.62937062890625 0.5670225390625 0.615384615234375 0.54685646484375 0.6013986015625 0.531435349609375 0.606643357421875 0.52194543359375 0.618881119140625 0.52194543359375 0.626748251953125 0.533807830078125 0.634615384765625 0.542111505859375 0.634615384765625 0.5599051015625 0.62937062890625
0 0.480427046875 0.606643357421875 0.475682087890625 0.6022727265625 0.462633451171875 0.60489510546875 0.455516013671875 0.600524474609375 0.448398576171875 0.6013986015625 0.4365361796875 0.61276223828125 0.4365361796875 0.618881119140625 0.451957294921875 0.6328671328125 0.48161328515625 0.623251748046875 0.480427046875 0.606643357421875
0 0.4116251484375 0.5856643359375 0.38790035546875 0.571678322265625 0.36298932421875 0.577797203125 0.365361802734375 0.598776224609375 0.374851720703125 0.603146853515625 0.39857651171875 0.603146853515625 0.4116251484375 0.5856643359375
0 0.37010676171875 0.541958041015625 0.371293001953125 0.53496503515625 0.361803083984375 0.517482517578125 0.33926453125 0.517482517578125 0.329774615234375 0.53583916015625 0.347568208984375 0.54982517578125 0.35231316796875 0.54982517578125 0.37010676171875 0.541958041015625
0 0.368920521484375 0.46940559375 0.357058125 0.458041958984375 0.34875444921875 0.458916083984375 0.334519572265625 0.467657341796875 0.33214709375 0.4772727265625 0.341637009765625 0.48863636328125 0.365361802734375 0.483391607421875 0.368920521484375 0.46940559375
0 0.399762751953125 0.422202796875 0.39857651171875 0.407342658203125 0.3938315546875 0.40297202734375 0.371293001953125 0.403846154296875 0.36061684375 0.4134615390625 0.35943060546875 0.428321677734375 0.367734283203125 0.43444055859375 0.385527876953125 0.436188810546875 0.399762751953125 0.422202796875
0 0.78529062890625 0.759615384765625 0.782918150390625 0.749125875 0.7544483984375 0.73776223828125 0.7437722421875 0.740384615234375 0.741399763671875 0.74562937109375 0.73784104296875 0.768356642578125 0.7580071171875 0.77709790234375 0.773428232421875 0.77709790234375 0.78529062890625 0.759615384765625
0 0.2348754453125 0.7727272734375 0.2597864765625 0.755244755859375 0.2491103203125 0.736888111328125 0.239620404296875 0.731643357421875 0.208778173828125 0.744755244140625 0.20759193359375 0.75349650390625 0.217081849609375 0.76923076953125 0.22538552734375 0.7736013984375 0.2348754453125 0.7727272734375
0 0.2633451953125 0.266608392578125 0.27283511328125 0.25437062890625 0.271648873046875 0.247377623046875 0.246737841796875 0.232517482421875 0.2384341640625 0.233391607421875 0.2241992890625 0.249125875 0.2241992890625 0.2569930078125 0.237247923828125 0.259615384765625 0.2526690390625 0.27010489453125 0.2633451953125 0.266608392578125
0 0.77105575390625 0.26923076953125 0.77817319140625 0.26136363671875 0.7722419921875 0.247377623046875 0.7615658359375 0.23863636328125 0.753262158203125 0.239510490234375 0.731909845703125 0.25349650390625 0.73428232421875 0.265734265625 0.7437722421875 0.27709790234375 0.7508896796875 0.279720279296875 0.77105575390625 0.26923076953125
0 0.928825623046875 0.08129370703125 0.925266904296875 0.07342657421875 0.9062870703125 0.06555944140625 0.88967971484375 0.06643356640625 0.883748517578125 0.072552447265625 0.88256227734375 0.0856643359375 0.8956109140625 0.096153845703125 0.921708185546875 0.095279720703125 0.928825623046875 0.08129370703125
0 0.995255041015625 0.119755244140625 0.991696322265625 0.104020978515625 0.98695136328125 0.100524474609375 0.96559905078125 0.100524474609375 0.956109134765625 0.106643357421875 0.95136417578125 0.118881119140625 0.966785291015625 0.1319930078125 0.9786476875 0.131118880859375 0.995255041015625 0.119755244140625
0 0.88256227734375 0.032342658203125 0.87900355859375 0.015734265625 0.874258599609375 0.013111888671875 0.855278765625 0.01136363671875 0.842230130859375 0.021853146484375 0.841043890625 0.032342658203125 0.860023724609375 0.040209791015625 0.87544483984375 0.037587412109375 0.88256227734375 0.032342658203125
0 0.168446025390625 0.033216783203125 0.170818505859375 0.024475525390625 0.161328587890625 0.01136363671875 0.139976275390625 0.009615384765625 0.129300119140625 0.018356642578125 0.12811387890625 0.03146853125 0.143534994140625 0.04370629296875 0.15302491015625 0.04370629296875 0.168446025390625 0.033216783203125
0 0.126927638671875 0.087412587890625 0.12811387890625 0.0708041953125 0.122182681640625 0.06643356640625 0.098457888671875 0.063811189453125 0.081850533203125 0.07342657421875 0.080664294921875 0.083041958984375 0.0901542109375 0.096153845703125 0.119810201171875 0.09353146875 0.126927638671875 0.087412587890625
0 0.039145908203125 0.084790208984375 0.02728351171875 0.0856643359375 0.014234875 0.09353146875 0.014234875 0.114510490234375 0.043890865234375 0.1180069921875 0.0545670234375 0.1013986015625 0.039145908203125 0.084790208984375
9 0.026097271484375 0.725524474609375 0.03440094921875 0.73076923046875 0.0545670234375 0.735139859375 0.05219454296875 0.749125875 0.05931198046875 0.76136363671875 0.060498220703125 0.778846154296875 0.091340451171875 0.806818181640625 0.13167259765625 0.821678322265625 0.15302491015625 0.8208041953125 0.161328587890625 0.813811189453125 0.172004744140625 0.81730769140625 0.17912218359375 0.827797203125 0.192170818359375 0.833916083984375 0.206405693359375 0.849650349609375 0.223013048828125 0.853146853515625 0.23250296484375 0.860139859375 0.246737841796875 0.861013986328125 0.258600236328125 0.857517482421875 0.27995255078125 0.860139859375 0.291814947265625 0.85576923046875 0.30130486328125 0.846153845703125 0.39145907421875 0.85489510546875 0.451957294921875 0.87849650390625 0.476868328125 0.90209790234375 0.491103203125 0.901223775390625 0.491103203125 0.876748251953125 0.475682087890625 0.846590908203125 0.476868328125 0.827797203125 0.47093712890625 0.814685314453125 0.461447212890625 0.805944056640625 0.444839857421875 0.77709790234375 0.424673783203125 0.77010489453125 0.424673783203125 0.755244755859375 0.410438908203125 0.728146853515625 0.389086595703125 0.716783216796875 0.37722419921875 0.703671328125 0.34875444921875 0.696678322265625 0.330960853515625 0.6879370625 0.32265717578125 0.693181818359375 0.313167259765625 0.69143356640625 0.3072360625 0.680944056640625 0.289442466796875 0.669580419921875 0.27995255078125 0.657342658203125 0.2526690390625 0.650349650390625 0.239620404296875 0.643356642578125 0.180308421875 0.646853146484375 0.160142349609375 0.6634615390625 0.13167259765625 0.669580419921875 0.13167259765625 0.6643356640625 0.119810201171875 0.657342658203125 0.10320284765625 0.65297202734375 0.0865954921875 0.654720279296875 0.056939501953125 0.63636363671875 0.033214708984375 0.626748251953125 0.015421115234375 0.608391607421875 0.004744958984375 0.608391607421875 0 0.610139859375 0.002372478515625 0.685314685546875 0.018979833984375 0.705419580078125 0.026097271484375 0.725524474609375
9 0.513641755859375 0.890734265625 0.531435349609375 0.87937062890625 0.576512455078125 0.86363636328125 0.676156583984375 0.8522727265625 0.6927639375 0.858391607421875 0.710557533203125 0.857517482421875 0.7259786484375 0.86276223828125 0.739027283203125 0.86276223828125 0.756820876953125 0.85576923046875 0.7793594296875 0.85489510546875 0.812574140625 0.833041958984375 0.894424673828125 0.811188810546875 0.901542111328125 0.802447552734375 0.921708185546875 0.795454544921875 0.932384341796875 0.78583916015625 0.9347568203125 0.768356642578125 0.9418742578125 0.756118880859375 0.939501779296875 0.747377623046875 0.948991697265625 0.739510490234375 0.959667853515625 0.7430069921875 0.966785291015625 0.73776223828125 0.98695136328125 0.708916083984375 0.990510083984375 0.6879370625 0.985765125 0.6791958046875 0.994068802734375 0.665209791015625 0.994068802734375 0.643356642578125 0.985765125 0.625874125 0.9189406875 0.663752623046875 0.87900355859375 0.6634615390625 0.862396203125 0.671328671875 0.80308422265625 0.654720279296875 0.7508896796875 0.653846154296875 0.708185052734375 0.671328671875 0.693950177734375 0.6958041953125 0.69632265625 0.70017482421875 0.686832740234375 0.701923076171875 0.671411625 0.69055944140625 0.65361803125 0.69055944140625 0.614472123046875 0.701923076171875 0.60142348828125 0.716783216796875 0.5812574140625 0.72989510546875 0.55753262109375 0.774475525390625 0.534994068359375 0.78583916015625 0.526690390625 0.810314685546875 0.510083037109375 0.822552447265625 0.506524318359375 0.83129370703125 0.510083037109375 0.850524474609375 0.497034400390625 0.875874125 0.497034400390625 0.891608392578125 0.501779359375 0.900349650390625 0.507710556640625 0.901223775390625 0.513641755859375 0.890734265625
9 0.53618030859375 0.208041958984375 0.5776986953125 0.278846154296875 0.61565836328125 0.30856643359375 0.62989323828125 0.313811189453125 0.64768683203125 0.313811189453125 0.655990509765625 0.318181818359375 0.66785290625 0.318181818359375 0.672597865234375 0.314685314453125 0.704626333984375 0.3356643359375 0.71293001171875 0.348776224609375 0.7686832734375 0.360139859375 0.786476869140625 0.35576923046875 0.80664294140625 0.35576923046875 0.833926453125 0.34353146875 0.842230130859375 0.334790208984375 0.858837484375 0.337412587890625 0.856465005859375 0.34440559375 0.86476868359375 0.348776224609375 0.88256227734375 0.3522727265625 0.8991696328125 0.348776224609375 0.908659548828125 0.35576923046875 0.952550416015625 0.369755244140625 0.988137603515625 0.39423076953125 0.9928825625 0.39423076953125 0.99644128125 0.38723776171875 0.994068802734375 0.3199300703125 0.97271648828125 0.286713287109375 0.95848161328125 0.279720279296875 0.9347568203125 0.233391607421875 0.915776986328125 0.225524474609375 0.8991696328125 0.208041958984375 0.85409252734375 0.1958041953125 0.82087781640625 0.196678322265625 0.78884934765625 0.16783216796875 0.7722419921875 0.1643356640625 0.7544483984375 0.151223775390625 0.704626333984375 0.15209790234375 0.686832740234375 0.1634615390625 0.666073546875 0.170891607421875 0.6500593125 0.16870629296875 0.6500593125 0.1643356640625 0.63701067578125 0.157342658203125 0.6026097265625 0.154720279296875 0.587188611328125 0.140734265625 0.538552787109375 0.123251748046875 0.51482799609375 0.104020978515625 0.506524318359375 0.11276223828125 0.505338078125 0.1486013984375 0.51838671484375 0.16783216796875 0.520759193359375 0.1949300703125 0.53618030859375 0.208041958984375
9 0.01779359375 0.377622376953125 0.047449583984375 0.361013986328125 0.073546857421875 0.3513986015625 0.115065244140625 0.342657341796875 0.132858837890625 0.34440559375 0.141162515625 0.341783216796875 0.144721234375 0.334790208984375 0.164887306640625 0.334790208984375 0.169632265625 0.34003496484375 0.188612099609375 0.342657341796875 0.206405693359375 0.3513986015625 0.258600236328125 0.354020978515625 0.293001185546875 0.342657341796875 0.302491103515625 0.33216783203125 0.39501779296875 0.3050699296875 0.427046263671875 0.282342658203125 0.43179122265625 0.263111888671875 0.44602609765625 0.23863636328125 0.461447212890625 0.234265734375 0.47449584765625 0.22290209765625 0.47449584765625 0.212412587890625 0.489916962890625 0.1879370625 0.486358244140625 0.16783216796875 0.499406880859375 0.146853146484375 0.504151837890625 0.098776224609375 0.491103203125 0.100524474609375 0.468564650390625 0.12150349609375 0.43179122265625 0.13636363671875 0.413997626953125 0.1477272734375 0.4116251484375 0.15297202734375 0.40213523046875 0.15646853125 0.38434163671875 0.154720279296875 0.371293001953125 0.157342658203125 0.34638196875 0.17482517578125 0.338078291015625 0.1634615390625 0.298932384765625 0.150349650390625 0.278766310546875 0.15297202734375 0.26927639453125 0.145979021484375 0.2491103203125 0.14510489453125 0.2313167265625 0.15297202734375 0.213523130859375 0.153846154296875 0.205219455078125 0.15996503515625 0.199288255859375 0.17482517578125 0.183867140625 0.185314685546875 0.154211150390625 0.185314685546875 0.098457888671875 0.20716783203125 0.0901542109375 0.21853146875 0.06998813671875 0.22989510546875 0.067615658203125 0.248251748046875 0.05219454296875 0.27010489453125 0.035587189453125 0.276223775390625 0.029655990234375 0.29370629296875 0.01304863671875 0.3129370625 0.01304863671875 0.338286712890625 0.004744958984375 0.359265734375 0.01304863671875 0.364510490234375 0.01779359375 0.377622376953125
5 0.416370107421875 0.502622376953125 0.4116251484375 0.498251748046875 0.39145907421875 0.494755244140625 0.35587188671875 0.498251748046875 0.354685646484375 0.501748251953125 0.368920521484375 0.505244755859375 0.410438908203125 0.505244755859375 0.416370107421875 0.502622376953125
5 0.430604982421875 0.46940559375 0.421115064453125 0.4606643359375 0.40569394921875 0.454545455078125 0.371293001953125 0.446678322265625 0.37366548046875 0.452797203125 0.392645314453125 0.462412587890625 0.424673783203125 0.471153845703125 0.430604982421875 0.46940559375
5 0.46381969140625 0.451923076171875 0.466192169921875 0.44842657421875 0.45314353515625 0.427447552734375 0.43179122265625 0.409090908203125 0.424673783203125 0.40559440625 0.43890866015625 0.435314685546875 0.454329775390625 0.44930069921875 0.46381969140625 0.451923076171875
5 0.508896796875 0.388986013671875 0.500593119140625 0.40559440625 0.500593119140625 0.4379370625 0.506524318359375 0.44230769140625 0.517200474609375 0.41870629296875 0.508896796875 0.388986013671875
5 0.582443654296875 0.41783216796875 0.5812574140625 0.4134615390625 0.5634638203125 0.423951048828125 0.55041518359375 0.438811189453125 0.54329774609375 0.454545455078125 0.549228943359375 0.453671328125 0.5705812578125 0.43444055859375 0.582443654296875 0.41783216796875
5 0.638196916015625 0.452797203125 0.61921708203125 0.453671328125 0.575326216796875 0.471153845703125 0.576512455078125 0.478146853515625 0.60142348828125 0.47290209765625 0.62989323828125 0.4615384609375 0.638196916015625 0.452797203125
5 0.63701067578125 0.501748251953125 0.582443654296875 0.50349650390625 0.583629892578125 0.509615384765625 0.614472123046875 0.51136363671875 0.65124555078125 0.505244755859375 0.63701067578125 0.501748251953125
5 0.614472123046875 0.546328671875 0.583629892578125 0.53496503515625 0.575326216796875 0.53496503515625 0.575326216796875 0.54283216796875 0.63345195703125 0.560314685546875 0.627520759765625 0.552447552734375 0.614472123046875 0.546328671875
5 0.56465005859375 0.57430069921875 0.55041518359375 0.561188810546875 0.540925267578125 0.55856643359375 0.5527876640625 0.583041958984375 0.5776986953125 0.6013986015625 0.5776986953125 0.591783216796875 0.56465005859375 0.57430069921875
5 0.505338078125 0.5708041953125 0.500593119140625 0.56555944140625 0.493475681640625 0.576048951171875 0.492289443359375 0.6013986015625 0.500593119140625 0.6171328671875 0.507710556640625 0.599650349609375 0.505338078125 0.5708041953125
5 0.457888494140625 0.5550699296875 0.43534994140625 0.5708041953125 0.4187425859375 0.59353146875 0.421115064453125 0.599650349609375 0.437722419921875 0.588286712890625 0.455516013671875 0.56643356640625 0.457888494140625 0.5550699296875
5 0.4258600234375 0.5384615390625 0.43179122265625 0.53146853125 0.427046263671875 0.528846154296875 0.39857651171875 0.53583916015625 0.37010676171875 0.54982517578125 0.368920521484375 0.5541958046875 0.376037958984375 0.5550699296875 0.403321470703125 0.548951048828125 0.4258600234375 0.5384615390625
8 0.06642941796875 0.541083916015625 0.046263345703125 0.53583916015625 0.04507710546875 0.540209791015625 0.060498220703125 0.553321677734375 0.0723606171875 0.55157342578125 0.06642941796875 0.541083916015625
8 0.1008303671875 0.498251748046875 0.0972716484375 0.4930069921875 0.085409251953125 0.490384615234375 0.06998813671875 0.494755244140625 0.071174376953125 0.5 0.0830367734375 0.50349650390625 0.09608541015625 0.502622376953125 0.1008303671875 0.498251748046875
8 0.067615658203125 0.44930069921875 0.0581257421875 0.4458041953125 0.043890865234375 0.45629370703125 0.043890865234375 0.462412587890625 0.05931198046875 0.4606643359375 0.06642941796875 0.45629370703125 0.067615658203125 0.44930069921875
8 0.926453142578125 0.451048951171875 0.9311981015625 0.4606643359375 0.95136417578125 0.465909091796875 0.93712930078125 0.45017482421875 0.926453142578125 0.451048951171875
8 0.925266904296875 0.5087412578125 0.911032029296875 0.500874125 0.89679715234375 0.500874125 0.8920521953125 0.5078671328125 0.90035587109375 0.513111888671875 0.911032029296875 0.513986013671875 0.925266904296875 0.5087412578125
8 0.952550416015625 0.546328671875 0.94068801953125 0.547202796875 0.9276393828125 0.5541958046875 0.926453142578125 0.561188810546875 0.93712930078125 0.563811189453125 0.948991697265625 0.555944056640625 0.952550416015625 0.546328671875
0 0.967971529296875 0.90996503515625 0.973902728515625 0.889860140625 0.94780545703125 0.8837412578125 0.93001186328125 0.8986013984375 0.928825623046875 0.903846154296875 0.93712930078125 0.9143356640625 0.952550416015625 0.915209791015625 0.967971529296875 0.90996503515625
0 0.89679715234375 0.935314685546875 0.907473310546875 0.931818181640625 0.907473310546875 0.92482517578125 0.89679715234375 0.911713287109375 0.87188612109375 0.915209791015625 0.86476868359375 0.923076923828125 0.862396203125 0.939685314453125 0.88256227734375 0.946678322265625 0.88967971484375 0.9458041953125 0.89679715234375 0.935314685546875
0 0.867141162109375 0.973776224609375 0.85409252734375 0.962412587890625 0.833926453125 0.967657341796875 0.829181494140625 0.97202797265625 0.829181494140625 0.981643357421875 0.838671412109375 0.994755244140625 0.865954923828125 0.990384615234375 0.867141162109375 0.973776224609375
0 0.125741400390625 0.93444055859375 0.12811387890625 0.922202796875 0.115065244140625 0.90996503515625 0.091340451171875 0.909090908203125 0.080664294921875 0.921328671875 0.080664294921875 0.9291958046875 0.098457888671875 0.94230769140625 0.10676156640625 0.94230769140625 0.125741400390625 0.93444055859375
0 0.169632265625 0.974650349609375 0.168446025390625 0.96940559375 0.144721234375 0.958916083984375 0.123368919921875 0.96940559375 0.122182681640625 0.973776224609375 0.137603796875 0.990384615234375 0.160142349609375 0.98863636328125 0.169632265625 0.974650349609375
0 0.056939501953125 0.89510489453125 0.040332146484375 0.877622376953125 0.014234875 0.8828671328125 0.01067615625 0.888986013671875 0.01067615625 0.90297202734375 0.02016607421875 0.909090908203125 0.043890865234375 0.908216783203125 0.056939501953125 0.89510489453125
6 0.213523130859375 0.966783216796875 0.205219455078125 0.95017482421875 0.198102017578125 0.9449300703125 0.174377224609375 0.938811189453125 0.156583630859375 0.94055944140625 0.154211150390625 0.93356643359375 0.163701068359375 0.928321677734375 0.167259787109375 0.920454544921875 0.160142349609375 0.900349650390625 0.14234875390625 0.884615384765625 0.11743772265625 0.87937062890625 0.09964412890625 0.8819930078125 0.074733095703125 0.853146853515625 0.0545670234375 0.850524474609375 0.046263345703125 0.84440559375 0.03440094921875 0.84440559375 0.002372478515625 0.859265734375 0 0.999125875 0.188612099609375 0.999125875 0.20759193359375 0.9912587421875 0.213523130859375 0.966783216796875
6 0.998813759765625 0.999125875 0.99644128125 0.889860140625 0.988137603515625 0.860139859375 0.95848161328125 0.848776224609375 0.94424673828125 0.854020978515625 0.925266904296875 0.854020978515625 0.8920521953125 0.884615384765625 0.877817318359375 0.8819930078125 0.85053380859375 0.88636363671875 0.829181494140625 0.90297202734375 0.824436537109375 0.923951048828125 0.829181494140625 0.93356643359375 0.81376037890625 0.946678322265625 0.79240806640625 0.951923076171875 0.782918150390625 0.970279720703125 0.78173191015625 0.9772727265625 0.78884934765625 0.9912587421875 0.79952550390625 0.999125875 0.998813759765625 0.999125875
6 0.81731909765625 0 0.809015421875 0.0087412578125 0.801897982421875 0.021853146484375 0.809015421875 0.047202796875 0.844602609375 0.071678322265625 0.838671412109375 0.076923076171875 0.844602609375 0.099650349609375 0.863582443359375 0.118881119140625 0.869513642578125 0.122377623046875 0.89323843359375 0.125 0.908659548828125 0.12150349609375 0.921708185546875 0.124125875 0.922894423828125 0.139860140625 0.94424673828125 0.154720279296875 0.97983392578125 0.159090908203125 0.998813759765625 0.15209790234375 0.998813759765625 0 0.81731909765625 0
6 0 0 0 0.146853146484375 0.004744958984375 0.151223775390625 0.033214708984375 0.159090908203125 0.060498220703125 0.153846154296875 0.071174376953125 0.1486013984375 0.098457888671875 0.12062937109375 0.12455516015625 0.125874125 0.147093712890625 0.1171328671875 0.162514828125 0.100524474609375 0.166073546875 0.088286712890625 0.162514828125 0.07430069921875 0.185053380859375 0.06730769140625 0.202846974609375 0.056818181640625 0.217081849609375 0.034090908203125 0.209964412109375 0.0078671328125 0.20047449609375 0 0 0
10 0.043890865234375 0.57430069921875 0.0581257421875 0.579545455078125 0.0865954921875 0.57430069921875 0.0937129296875 0.5699300703125 0.102016607421875 0.54283216796875 0.092526689453125 0.53496503515625 0.087781732421875 0.521853146484375 0.115065244140625 0.52010489453125 0.132858837890625 0.50437062890625 0.134045076171875 0.49562937109375 0.1115065234375 0.474650349609375 0.098457888671875 0.4300699296875 0.087781732421875 0.42482517578125 0.03440094921875 0.4134615390625 0.002372478515625 0.396853146484375 0 0.6022727265625 0.0071174375 0.6022727265625 0.03084223046875 0.59003496484375 0.043890865234375 0.57430069921875
10 0.901542111328125 0.545454544921875 0.89679715234375 0.55769230859375 0.90391458984375 0.576923076171875 0.939501779296875 0.587412587890625 0.94780545703125 0.5856643359375 0.957295373046875 0.577797203125 0.970344009765625 0.583041958984375 0.97153025 0.59353146875 0.994068802734375 0.60489510546875 0.998813759765625 0.5087412578125 0.994068802734375 0.407342658203125 0.973902728515625 0.41083916015625 0.96559905078125 0.419580419921875 0.9027283515625 0.43356643359375 0.894424673828125 0.45716783203125 0.897983392578125 0.465909091796875 0.892645314453125 0.479020978515625 0.881376037109375 0.481643357421875 0.876631080078125 0.4912587421875 0.862396203125 0.502622376953125 0.862396203125 0.51223776171875 0.87900355859375 0.53146853125 0.894424673828125 0.53583916015625 0.901542111328125 0.545454544921875
10 0.399762751953125 0.02709790234375 0.392645314453125 0.041958041015625 0.4009489921875 0.061188810546875 0.409252669921875 0.069055943359375 0.4400948984375 0.0708041953125 0.45314353515625 0.064685314453125 0.465005931640625 0.068181818359375 0.465005931640625 0.076923076171875 0.47093712890625 0.083916083984375 0.491103203125 0.095279720703125 0.508896796875 0.096153845703125 0.54329774609375 0.083041958984375 0.54685646484375 0.07517482421875 0.55753262109375 0.069055943359375 0.569395017578125 0.07517482421875 0.5776986953125 0.07517482421875 0.60498220703125 0.068181818359375 0.61209964453125 0.0629370625 0.621589560546875 0.04370629296875 0.61565836328125 0.026223775390625 0.63701067578125 0.014860140625 0.64768683203125 0 0.367734283203125 0.001748251953125 0.374851720703125 0.013986013671875 0.38790035546875 0.017482517578125 0.399762751953125 0.02709790234375
10 0.372479240234375 0.979020978515625 0.354685646484375 0.9930069921875 0.354685646484375 0.999125875 0.63701067578125 0.999125875 0.634638197265625 0.9912587421875 0.618030841796875 0.979020978515625 0.601028470703125 0.978146853515625 0.5883748515625 0.97290209765625 0.590747330078125 0.966783216796875 0.6026097265625 0.962412587890625 0.60854092578125 0.954545455078125 0.5954922890625 0.930944056640625 0.5883748515625 0.92569930078125 0.555160142578125 0.923951048828125 0.544483986328125 0.928321677734375 0.52550415234375 0.9143356640625 0.483985765625 0.904720279296875 0.454329775390625 0.919580419921875 0.3938315546875 0.9379370625 0.389086595703125 0.9615384609375 0.39501779296875 0.97202797265625 0.39145907421875 0.975524474609375 0.372479240234375 0.979020978515625
8 0.51838671484375 0.069055943359375 0.51482799609375 0.056818181640625 0.506524318359375 0.05069930078125 0.500593119140625 0.05856643359375 0.500593119140625 0.071678322265625 0.505338078125 0.07517482421875 0.513641755859375 0.07430069921875 0.51838671484375 0.069055943359375
8 0.45314353515625 0.03146853125 0.441281138671875 0.03146853125 0.430604982421875 0.0384615390625 0.430604982421875 0.045454544921875 0.4400948984375 0.047202796875 0.44958481640625 0.041958041015625 0.45314353515625 0.03146853125
8 0.586002373046875 0.048076923828125 0.587188611328125 0.041958041015625 0.5812574140625 0.03583916015625 0.5634638203125 0.033216783203125 0.56109133984375 0.0384615390625 0.56820877734375 0.046328671875 0.5776986953125 0.04982517578125 0.586002373046875 0.048076923828125
8 0.498220640625 0.92482517578125 0.48873072265625 0.927447552734375 0.487544484375 0.938811189453125 0.497034400390625 0.94842657421875 0.502965599609375 0.9300699296875 0.498220640625 0.92482517578125
8 0.578884935546875 0.94842657421875 0.569395017578125 0.9449300703125 0.55753262109375 0.952797203125 0.55397390234375 0.958041958984375 0.5563463828125 0.96503496484375 0.572953736328125 0.958916083984375 0.578884935546875 0.94842657421875
8 0.4294187421875 0.952797203125 0.4223013046875 0.954545455078125 0.4223013046875 0.962412587890625 0.44246737890625 0.970279720703125 0.437722419921875 0.95716783203125 0.4294187421875 0.952797203125